 6.8365129937e-16  7.1030323105e-16  4.0734845603e-16
-1.1646518093e-03  2.8100938343e-11 -3.8889202668e-04
-2.3290996894e-03 -7.5524689442e-10 -7.7772702118e-04
-3.4931421778e-03 -2.3352187282e-09 -1.1664410829e-03
-4.6565779550e-03 -4.6947792322e-09 -1.5549703518e-03
-5.8192059179e-03 -7.8146846851e-09 -1.9432510313e-03
-6.9808252551e-03 -1.1673491103e-08 -2.3312194102e-03
-8.1412355201e-03 -1.6247558833e-08 -2.7188118850e-03
-9.3002367057e-03 -2.1511062390e-08 -3.1059649826e-03
-1.0457629317e-02 -2.7436006704e-08 -3.4926153820e-03
-1.1613214448e-02 -3.3992227628e-08 -3.8786999371e-03
-1.2766793848e-02 -4.1147406085e-08 -4.2641556980e-03
-1.3918170002e-02 -4.8867087509e-08 -4.6489199338e-03
-1.5067146201e-02 -5.7114683768e-08 -5.0329301540e-03
-1.6213526610e-02 -6.5851497588e-08 -5.4161241307e-03
-1.7357116347e-02 -7.5036731815e-08 -5.7984399198e-03
-1.8497721548e-02 -8.4627502714e-08 -6.1798158831e-03
-1.9635149443e-02 -9.4578864254e-08 -6.5601907094e-03
-2.0769208422e-02 -1.0484382223e-07 -6.9395034362e-03
-2.1899708109e-02 -1.1537335153e-07 -7.3176934704e-03
-2.3026459429e-02 -1.2611641219e-07 -7.6947006095e-03
-2.4149274676e-02 -1.3701997916e-07 -8.0704650627e-03
-2.5267967584e-02 -1.4802905376e-07 -8.4449274711e-03
-2.6382353394e-02 -1.5908669054e-07 -8.8180289288e-03
-2.7492248918e-02 -1.7013401919e-07 -9.1897110025e-03
-2.8597472608e-02 -1.8111026527e-07 -9.5599157519e-03
-2.9697844620e-02 -1.9195277694e-07 -9.9285857499e-03
-3.0793186880e-02 -2.0259705324e-07 -1.0295664102e-02
-3.1883323145e-02 -2.1297675732e-07 -1.0661094465e-02
-3.2968079070e-02 -2.2302375851e-07 -1.1024821067e-02
-3.4047282268e-02 -2.3266814815e-07 -1.1386788728e-02
-3.5120762370e-02 -2.4183827804e-07 -1.1746942874e-02
-3.6188351086e-02 -2.5046077864e-07 -1.2105229562e-02
-3.7249882268e-02 -2.5846059345e-07 -1.2461595489e-02
-3.8305191964e-02 -2.6576101396e-07 -1.2815988022e-02
-3.9354118475e-02 -2.7228369504e-07 -1.3168355203e-02
-4.0396502417e-02 -2.7794870541e-07 -1.3518645777e-02
-4.1432186770e-02 -2.8267454800e-07 -1.3866809202e-02
-4.2461016935e-02 -2.8637819619e-07 -1.4212795668e-02
-4.3482840791e-02 -2.8897512990e-07 -1.4556556114e-02
-4.4497508738e-02 -2.9037936148e-07 -1.4898042244e-02
-4.5504873757e-02 -2.9050348593e-07 -1.5237206542e-02
-4.6504791457e-02 -2.8925869783e-07 -1.5574002288e-02
-4.7497120119e-02 -2.8655483699e-07 -1.5908383574e-02
-4.8481720752e-02 -2.8230043083e-07 -1.6240305315e-02
-4.9458457130e-02 -2.7640271694e-07 -1.6569723269e-02
-5.0427195846e-02 -2.6876769468e-07 -1.6896594046e-02
-5.1387806349e-02 -2.5930015346e-07 -1.7220875127e-02
-5.2340160988e-02 -2.4790371686e-07 -1.7542524870e-02
-5.3284135055e-02 -2.3448088304e-07 -1.7861502532e-02
-5.4219606826e-02 -2.1893305690e-07 -1.8177768272e-02
-5.5146457593e-02 -2.0116059919e-07 -1.8491283171e-02
-5.6064571710e-02 -1.8106285966e-07 -1.8802009240e-02
-5.6973836620e-02 -1.5853822563e-07 -1.9109909434e-02
-5.7874142897e-02 -1.3348415495e-07 -1.9414947657e-02
-5.8765384275e-02 -1.0579722182e-07 -1.9717088782e-02
-5.9647457681e-02 -7.5373165533e-08 -2.0016298652e-02
-6.0520263264e-02 -4.2106919748e-08 -2.0312544097e-02
-6.1383704426e-02 -5.8926730487e-09 -2.0605792938e-02
-6.2237687845e-02  3.3376110530e-08 -2.0896013999e-02
-6.3082123509e-02  7.5806626694e-08 -2.1183177117e-02
-6.3916924733e-02  1.2150669921e-07 -2.1467253144e-02
-6.4742008183e-02  1.7058473234e-07 -2.1748213962e-02
-6.5557293901e-02  2.2314966418e-07 -2.2026032486e-02
-6.6362705326e-02  2.7931092401e-07 -2.2300682673e-02
-6.7158169304e-02  3.3917838904e-07 -2.2572139524e-02
-6.7943616118e-02  4.0286233916e-07 -2.2840379098e-02
-6.8718979491e-02  4.7047340539e-07 -2.3105378509e-02
-6.9484196610e-02  5.4212253572e-07 -2.3367115938e-02
-7.0239208132e-02  6.1792093721e-07 -2.3625570632e-02
-7.0983958200e-02  6.9798003706e-07 -2.3880722912e-02
-7.1718394448e-02  7.8241143561e-07 -2.4132554177e-02
-7.2442468015e-02  8.7132686421e-07 -2.4381046905e-02
-7.3156133545e-02  9.6483813141e-07 -2.4626184657e-02
-7.3859349197e-02  1.0630570791e-06 -2.4867952079e-02
-7.4552076646e-02  1.1660955447e-06 -2.5106334906e-02
-7.5234281089e-02  1.2740653028e-06 -2.5341319960e-02
-7.5905931238e-02  1.3870780219e-06 -2.5572895155e-02
-7.6566999328e-02  1.5052452288e-06 -2.5801049495e-02
-7.7217461108e-02  1.6286782493e-06 -2.6025773076e-02
-7.7857295842e-02  1.7574881669e-06 -2.6247057084e-02
-7.8486486298e-02  1.8917857781e-06 -2.6464893796e-02
-7.9105018748e-02  2.0316815463e-06 -2.6679276577e-02
-7.9712882954e-02  2.1772855543e-06 -2.6890199882e-02
-8.0310072161e-02  2.3287074577e-06 -2.7097659249e-02
-8.0896583084e-02  2.4860564428e-06 -2.7301651302e-02
-8.1472415898e-02  2.6494411756e-06 -2.7502173744e-02
-8.2037574222e-02  2.8189697657e-06 -2.7699225356e-02
-8.2592065104e-02  2.9947497137e-06 -2.7892805993e-02
-8.3135899003e-02  3.1768878638e-06 -2.8082916577e-02
-8.3669089772e-02  3.3654903704e-06 -2.8269559100e-02
-8.4191654637e-02  3.5606626398e-06 -2.8452736608e-02
-8.4703614178e-02  3.7625092969e-06 -2.8632453207e-02
-8.5204992303e-02  3.9711341412e-06 -2.8808714048e-02
-8.5695816228e-02  4.1866400906e-06 -2.8981525328e-02
-8.6176116449e-02  4.4091291490e-06 -2.9150894278e-02
-8.6645926716e-02  4.6387023685e-06 -2.9316829158e-02
-8.7105284006e-02  4.8754597930e-06 -2.9479339250e-02
-8.7554228492e-02  5.1195004202e-06 -2.9638434852e-02
-8.7992803516e-02  5.3709221698e-06 -2.9794127266e-02
-8.8421055554e-02  5.6298218267e-06 -2.9946428789e-02
