 2.1538171971e+01
 2.1538172682e+01
 2.1538173412e+01
 2.1538174161e+01
 2.1538174928e+01
 2.1538175713e+01
 2.1538176518e+01
 2.1538177341e+01
 2.1538178182e+01
 2.1538179042e+01
 2.1538179921e+01
 2.1538180818e+01
 2.1538181733e+01
 2.1538182667e+01
 2.1538183618e+01
 2.1538184588e+01
 2.1538185576e+01
 2.1538186582e+01
 2.1538187606e+01
 2.1538188648e+01
 2.1538189706e+01
 2.1538190783e+01
 2.1538191876e+01
 2.1538192987e+01
 2.1538194115e+01
 2.1538195259e+01
 2.1538196420e+01
 2.1538197598e+01
 2.1538198791e+01
 2.1538200001e+01
 2.1538201226e+01
 2.1538202468e+01
 2.1538203724e+01
 2.1538204995e+01
 2.1538206282e+01
 2.1538207583e+01
 2.1538208899e+01
 2.1538210229e+01
 2.1538211572e+01
 2.1538212930e+01
 2.1538214301e+01
 2.1538215685e+01
 2.1538217082e+01
 2.1538218492e+01
 2.1538219914e+01
 2.1538221348e+01
 2.1538222795e+01
 2.1538224252e+01
 2.1538225722e+01
 2.1538227202e+01
 2.1538228693e+01
 2.1538230195e+01
 2.1538231707e+01
 2.1538233229e+01
 2.1538234760e+01
 2.1538236302e+01
 2.1538237852e+01
 2.1538239412e+01
 2.1538240980e+01
 2.1538242557e+01
 2.1538244142e+01
 2.1538245735e+01
 2.1538247337e+01
 2.1538248945e+01
 2.1538250561e+01
 2.1538252185e+01
 2.1538253815e+01
 2.1538255452e+01
 2.1538257095e+01
 2.1538258746e+01
 2.1538260402e+01
 2.1538262064e+01
 2.1538263733e+01
 2.1538265407e+01
 2.1538267086e+01
 2.1538268772e+01
 2.1538270462e+01
 2.1538272158e+01
 2.1538273859e+01
 2.1538275565e+01
 2.1538277276e+01
 2.1538278992e+01
 2.1538280712e+01
 2.1538282437e+01
 2.1538284167e+01
 2.1538285902e+01
 2.1538287640e+01
 2.1538289384e+01
 2.1538291132e+01
 2.1538292884e+01
 2.1538294641e+01
 2.1538296402e+01
 2.1538298168e+01
 2.1538299938e+01
 2.1538301712e+01
 2.1538303491e+01
 2.1538305274e+01
 2.1538307062e+01
 2.1538308854e+01
 2.1538310651e+01
