 4.3269018881e-01 -3.2470409341e-08 -1.6829790006e-01
 4.2933069957e-01 -3.2198598653e-08 -1.6859014431e-01
 4.2746458763e-01 -3.2046891184e-08 -1.6800398026e-01
 4.2641338839e-01 -3.1960378043e-08 -1.6764283942e-01
 4.2581290267e-01 -3.1910252799e-08 -1.6742944541e-01
 4.2548034641e-01 -3.1882032637e-08 -1.6730933474e-01
 4.2531344823e-01 -3.1867576548e-08 -1.6724867113e-01
 4.2525049039e-01 -3.1861942522e-08 -1.6722596037e-01
 4.2525211678e-01 -3.1861957245e-08 -1.6722707102e-01
 4.2529215221e-01 -3.1865493319e-08 -1.6724241153e-01
 4.2535259967e-01 -3.1871074611e-08 -1.6726529053e-01
 4.2542074786e-01 -3.1877647500e-08 -1.6729092972e-01
 4.2548741769e-01 -3.1884441871e-08 -1.6731584871e-01
 4.2554585741e-01 -3.1890883255e-08 -1.6733746948e-01
 4.2559102353e-01 -3.1896535529e-08 -1.6735385501e-01
 4.2561909978e-01 -3.1901062458e-08 -1.6736353230e-01
 4.2562716759e-01 -3.1904201294e-08 -1.6736536992e-01
 4.2561297566e-01 -3.1905744281e-08 -1.6735849179e-01
 4.2557477592e-01 -3.1905525431e-08 -1.6734221521e-01
 4.2551120475e-01 -3.1903410972e-08 -1.6731600595e-01
 4.2542119579e-01 -3.1899292297e-08 -1.6727944491e-01
 4.2530391508e-01 -3.1893080729e-08 -1.6723220337e-01
 4.2515871226e-01 -3.1884703578e-08 -1.6717402415e-01
 4.2498508339e-01 -3.1874101132e-08 -1.6710470738e-01
 4.2478264244e-01 -3.1861224358e-08 -1.6702409934e-01
 4.2455109910e-01 -3.1846033114e-08 -1.6693208398e-01
 4.2429024153e-01 -3.1828494761e-08 -1.6682857611e-01
 4.2399992269e-01 -3.1808583070e-08 -1.6671351610e-01
 4.2368004953e-01 -3.1786277339e-08 -1.6658686566e-01
 4.2333057429e-01 -3.1761561723e-08 -1.6644860443e-01
 4.2295148760e-01 -3.1734424658e-08 -1.6629872725e-01
 4.2254281280e-01 -3.1704858424e-08 -1.6613724193e-01
 4.2210460139e-01 -3.1672858767e-08 -1.6596416749e-01
 4.2163692923e-01 -3.1638424614e-08 -1.6577953261e-01
 4.2113989351e-01 -3.1601557797e-08 -1.6558337445e-01
 4.2061361016e-01 -3.1562262869e-08 -1.6537573764e-01
 4.2005821174e-01 -3.1520546888e-08 -1.6515667340e-01
 4.1947384567e-01 -3.1476419309e-08 -1.6492623889e-01
 4.1886067276e-01 -3.1429891803e-08 -1.6468449657e-01
 4.1821886593e-01 -3.1380978154e-08 -1.6443151372e-01
 4.1754860916e-01 -3.1329694158e-08 -1.6416736202e-01
 4.1685009660e-01 -3.1276057501e-08 -1.6389211719e-01
 4.1612353181e-01 -3.1220087687e-08 -1.6360585867e-01
 4.1536912706e-01 -3.1161805917e-08 -1.6330866935e-01
 4.1458710278e-01 -3.1101235041e-08 -1.6300063536e-01
 4.1377768709e-01 -3.1038399432e-08 -1.6268184587e-01
 4.1294111533e-01 -3.0973324936e-08 -1.6235239289e-01
 4.1207762968e-01 -3.0906038769e-08 -1.6201237115e-01
 4.1118747888e-01 -3.0836569453e-08 -1.6166187795e-01
 4.1027091787e-01 -3.0764946703e-08 -1.6130101303e-01
 4.0932820756e-01 -3.0691201387e-08 -1.6092987849e-01
 4.0835961459e-01 -3.0615365402e-08 -1.6054857866e-01
 4.0736541109e-01 -3.0537471615e-08 -1.6015722007e-01
 4.0634587456e-01 -3.0457553784e-08 -1.5975591131e-01
 4.0530128758e-01 -3.0375646455e-08 -1.5934476299e-01
 4.0423193774e-01 -3.0291784893e-08 -1.5892388768e-01
 4.0313811746e-01 -3.0206005005e-08 -1.5849339983e-01
 4.0202012382e-01 -3.0118343231e-08 -1.5805341574e-01
 4.0087825847e-01 -3.0028836494e-08 -1.5760405348e-01
 3.9971282748e-01 -2.9937522103e-08 -1.5714543286e-01
 3.9852414121e-01 -2.9844437676e-08 -1.5667767537e-01
 3.9731251425e-01 -2.9749621061e-08 -1.5620090414e-01
 3.9607826522e-01 -2.9653110264e-08 -1.5571524392e-01
 3.9482171676e-01 -2.9554943375e-08 -1.5522082099e-01
 3.9354319537e-01 -2.9455158492e-08 -1.5471776317e-01
 3.9224303132e-01 -2.9353793657e-08 -1.5420619976e-01
 3.9092155857e-01 -2.9250886810e-08 -1.5368626149e-01
 3.8957911465e-01 -2.9146475661e-08 -1.5315808051e-01
 3.8821604060e-01 -2.9040597729e-08 -1.5262179034e-01
 3.8683268082e-01 -2.8933290210e-08 -1.5207752582e-01
 3.8542938304e-01 -2.8824589953e-08 -1.5152542312e-01
 3.8400649821e-01 -2.8714533421e-08 -1.5096561966e-01
 3.8256438039e-01 -2.8603156634e-08 -1.5039825408e-01
 3.8110338666e-01 -2.8490495146e-08 -1.4982346625e-01
 3.7962387708e-01 -2.8376584004e-08 -1.4924139717e-01
 3.7812621454e-01 -2.8261457714e-08 -1.4865218899e-01
 3.7661076468e-01 -2.8145150216e-08 -1.4805598497e-01
 3.7507789586e-01 -2.8027694894e-08 -1.4745292939e-01
 3.7352797899e-01 -2.7909124517e-08 -1.4684316760e-01
 3.7196138750e-01 -2.7789471251e-08 -1.4622684593e-01
 3.7037849720e-01 -2.7668766664e-08 -1.4560411166e-01
 3.6877968624e-01 -2.7547041717e-08 -1.4497511302e-01
 3.6716533499e-01 -2.7424326730e-08 -1.4433999910e-01
 3.6553582597e-01 -2.7300651448e-08 -1.4369891986e-01
 3.6389154372e-01 -2.7176045023e-08 -1.4305202611e-01
 3.6223287475e-01 -2.7050536022e-08 -1.4239946939e-01
 3.6056020743e-01 -2.6924152462e-08 -1.4174140205e-01
 3.5887393189e-01 -2.6796921808e-08 -1.4107797710e-01
 3.5717443997e-01 -2.6668871018e-08 -1.4040934828e-01
 3.5546212506e-01 -2.6540026566e-08 -1.3973566994e-01
 3.5373738206e-01 -2.6410414444e-08 -1.3905709706e-01
 3.5200060726e-01 -2.6280060243e-08 -1.3837378516e-01
 3.5025219827e-01 -2.6148989139e-08 -1.3768589032e-01
 3.4849255389e-01 -2.6017225954e-08 -1.3699356912e-01
 3.4672207405e-01 -2.5884795141e-08 -1.3629697859e-01
 3.4494115970e-01 -2.5751720924e-08 -1.3559627617e-01
 3.4315021271e-01 -2.5618027218e-08 -1.3489161971e-01
 3.4134963579e-01 -2.5483737714e-08 -1.3418316738e-01
 3.3953983237e-01 -2.5348875941e-08 -1.3347107769e-01
 3.3772120655e-01 -2.5213465234e-08 -1.3275550939e-01
 3.3589416293e-01 -2.5077528835e-08 -1.3203662150e-01
